<?xml version="1.0" encoding="UTF-8" standalone="no"?>
<!DOCTYPE svg PUBLIC "-//W3C//DTD SVG 20010904//EN"
              "http://www.w3.org/TR/2001/REC-SVG-20010904/DTD/svg10.dtd">

<svg xmlns="http://www.w3.org/2000/svg"
     width="20.803in" height="6.94358in"
     viewBox="0 0 1498 500">
  <path id="Unnamed"
        fill="none" stroke="black" stroke-width="1"
        d="M 0.00,217.50
           C 0.00,217.50 33.00,208.50 33.00,208.50
             33.00,208.50 78.00,180.00 78.00,180.00
             78.00,180.00 99.00,163.50 99.00,163.50
             99.00,163.50 126.00,151.50 126.00,151.50
             126.00,151.50 141.00,148.50 141.00,148.50
             141.00,148.50 169.50,150.00 169.50,150.00
             169.50,150.00 196.50,162.00 196.50,162.00
             196.50,162.00 232.50,180.00 232.50,180.00
             232.50,180.00 264.00,210.00 264.00,210.00
             264.00,210.00 297.00,249.00 297.00,249.00
             297.00,249.00 319.50,289.50 319.50,289.50
             319.50,289.50 334.50,321.00 334.50,321.00
             334.50,321.00 354.00,349.50 354.00,349.50
             354.00,349.50 375.00,358.50 375.00,358.50
             375.00,358.50 394.50,366.00 394.50,366.00
             394.50,366.00 429.00,372.00 429.00,372.00
             429.00,372.00 466.50,373.50 466.50,373.50
             466.50,373.50 490.50,369.00 490.50,369.00
             490.50,369.00 523.50,358.50 523.50,358.50
             523.50,358.50 543.00,348.00 543.00,348.00
             543.00,348.00 565.50,340.50 565.50,340.50
             565.50,340.50 595.50,325.50 595.50,325.50
             595.50,325.50 618.00,313.50 618.00,313.50
             618.00,313.50 651.00,306.00 651.00,306.00
             651.00,306.00 682.50,298.50 682.50,298.50
             682.50,298.50 721.50,295.50 721.50,295.50
             721.50,295.50 753.00,285.00 753.00,285.00
             753.00,285.00 781.50,274.50 781.50,274.50
             781.50,274.50 814.50,258.00 814.50,258.00
             814.50,258.00 846.00,247.50 846.00,247.50
             846.00,247.50 876.00,243.00 876.00,243.00
             876.00,243.00 904.50,240.00 904.50,240.00
             904.50,240.00 925.50,241.50 925.50,241.50
             925.50,241.50 949.50,243.00 949.50,243.00
             949.50,243.00 973.50,249.00 973.50,249.00
             973.50,249.00 993.00,258.00 993.00,258.00
             993.00,258.00 1015.50,270.00 1015.50,270.00
             1015.50,270.00 1038.00,282.00 1038.00,282.00
             1038.00,282.00 1054.50,291.00 1054.50,291.00
             1054.50,291.00 1081.50,297.00 1081.50,297.00
             1081.50,297.00 1099.50,304.50 1099.50,304.50
             1099.50,304.50 1123.50,313.50 1123.50,313.50
             1123.50,313.50 1152.00,324.00 1152.00,324.00
             1152.00,324.00 1182.00,328.50 1182.00,328.50
             1182.00,328.50 1210.50,333.00 1210.50,333.00
             1210.50,333.00 1236.00,334.50 1236.00,334.50
             1236.00,334.50 1266.00,333.00 1266.00,333.00
             1266.00,333.00 1294.50,325.50 1294.50,325.50
             1294.50,325.50 1318.50,316.50 1318.50,316.50
             1318.50,316.50 1336.50,312.00 1336.50,312.00
             1336.50,312.00 1354.50,303.00 1354.50,303.00
             1354.50,303.00 1374.00,286.50 1374.00,286.50
             1374.00,286.50 1393.50,273.00 1393.50,273.00
             1393.50,273.00 1416.00,262.50 1416.00,262.50
             1416.00,262.50 1434.00,253.50 1434.00,253.50
             1434.00,253.50 1456.50,249.00 1456.50,249.00
             1456.50,249.00 1477.50,250.50 1477.50,250.50
             1477.50,250.50 1492.50,250.50 1492.50,250.50" />
</svg>
